{
  "advancedEditorSelectedIdentifier" : "ProjectBrowser",
  "openSceneRelativePaths" : [
    "Scene.usda"
  ],
  "recentIdentifiers" : {
    "AF3D030A-6F01-40AF-AF17-7EC0F899DE85" : [

    ]
  },
  "sceneCameraHistory" : {
    "9C8AE960-3790-4B8F-A1AC-FDE4550C8E0E" : [
      {
        "date" : 753682228.887,
        "title" : "Untitled",
        "transform" : [
          1,
          0,
          0,
          0,
          0,
          0.7071069,
          -0.70710677,
          0,
          0,
          0.70710677,
          0.7071069,
          0,
          0.04211852,
          4.975371,
          5.064725,
          1
        ]
      }
    ],
    "AF3D030A-6F01-40AF-AF17-7EC0F899DE85" : [
      {
        "date" : 753701710.039058,
        "title" : "Untitled",
        "transform" : [
          -0.99332666,
          8.6117257e-07,
          0.11533486,
          0,
          0.088679135,
          0.6393938,
          0.7637483,
          0,
          -0.07374374,
          0.76887935,
          -0.635127,
          0,
          0.54985166,
          4.312935,
          -3.061862,
          1
        ]
      },
      {
        "date" : 753701672.090586,
        "title" : "Untitled",
        "transform" : [
          -0.832936,
          9.849885e-09,
          -0.5533693,
          0,
          -0.1619977,
          0.95618963,
          0.24384029,
          0,
          0.529126,
          0.2927479,
          -0.7964448,
          0,
          3.1321955,
          2.1361632,
          -3.0905328,
          1
        ]
      },
      {
        "date" : 753701665.224269,
        "title" : "Untitled",
        "transform" : [
          0.03940372,
          5.429572e-05,
          -0.9992234,
          0,
          -0.90247035,
          0.42928126,
          -0.035565004,
          0,
          0.42894596,
          0.9031709,
          0.016964281,
          0,
          2.031385,
          4.9454355,
          0.9797731,
          1
        ]
      },
      {
        "date" : 753701661.507763,
        "title" : "Untitled",
        "transform" : [
          0.03940372,
          5.429572e-05,
          -0.9992234,
          0,
          -0.90247035,
          0.42928126,
          -0.035565004,
          0,
          0.42894596,
          0.9031709,
          0.016964281,
          0,
          1.2063252,
          5.3449373,
          0.57231426,
          1
        ]
      },
      {
        "date" : 753701652.139608,
        "title" : "Untitled",
        "transform" : [
          0.039307576,
          0.00010003386,
          -0.9992272,
          0,
          -0.9024746,
          0.4292813,
          -0.035458546,
          0,
          0.42894596,
          0.9031709,
          0.016964283,
          0,
          1.1906953,
          5.3553257,
          0.41446376,
          1
        ]
      },
      {
        "date" : 753701630.922943,
        "title" : "Untitled",
        "transform" : [
          0.039307576,
          0.00010003386,
          -0.9992272,
          0,
          -0.9024746,
          0.4292813,
          -0.035458546,
          0,
          0.42894596,
          0.9031709,
          0.016964283,
          0,
          1.3855944,
          5.267162,
          0.18021907,
          1
        ]
      },
      {
        "date" : 753701624.555838,
        "title" : "Untitled",
        "transform" : [
          0.6719153,
          1.0282857e-08,
          -0.74062806,
          0,
          -0.17038137,
          0.97317886,
          -0.154574,
          0,
          0.7207635,
          0.23004985,
          0.6538937,
          0,
          3.5287127,
          3.3028493,
          3.1371505,
          1
        ]
      },
      {
        "date" : 753701617.620656,
        "title" : "Untitled",
        "transform" : [
          0.6719153,
          1.0282857e-08,
          -0.74062806,
          0,
          -0.17038137,
          0.97317886,
          -0.154574,
          0,
          0.7207635,
          0.23004985,
          0.6538937,
          0,
          3.2972138,
          2.4786818,
          2.4027472,
          1
        ]
      },
      {
        "date" : 753701579.072498,
        "title" : "Untitled",
        "transform" : [
          0.6719153,
          1.0282857e-08,
          -0.74062806,
          0,
          -0.17038137,
          0.97317886,
          -0.154574,
          0,
          0.7207635,
          0.23004985,
          0.6538937,
          0,
          4.773041,
          2.3759909,
          2.4547844,
          1
        ]
      },
      {
        "date" : 753701575.00604,
        "title" : "Untitled",
        "transform" : [
          0.6719153,
          1.0282857e-08,
          -0.74062806,
          0,
          -0.17038137,
          0.97317886,
          -0.154574,
          0,
          0.7207635,
          0.23004985,
          0.6538937,
          0,
          2.4675903,
          0.17651367,
          2.1270142,
          1
        ]
      }
    ]
  },
  "sceneViewportBackgroundColors" : {

  },
  "selectedSceneRelativePath" : "Scene.usda"
}