{
  "advancedEditorSelectedIdentifier" : "ProjectBrowser",
  "openSceneRelativePaths" : [
    "Scene.usda"
  ],
  "recentIdentifiers" : {
    "AF3D030A-6F01-40AF-AF17-7EC0F899DE85" : [

    ]
  },
  "sceneCameraHistory" : {
    "AF3D030A-6F01-40AF-AF17-7EC0F899DE85" : [
      {
        "date" : 753184837.50178,
        "title" : "Untitled",
        "transform" : [
          0.55755293,
          -6.479712e-09,
          -0.8301415,
          0,
          0.09857069,
          0.9929255,
          0.066203594,
          0,
          0.8242685,
          -0.1187395,
          0.5536084,
          0,
          2.6375668,
          0.5903567,
          1.6283166,
          1
        ]
      },
      {
        "date" : 753184827.295617,
        "title" : "Untitled",
        "transform" : [
          -0.2725331,
          6.0380545e-09,
          -0.96214646,
          0,
          -0.16481234,
          0.9852196,
          0.046683945,
          0,
          0.9479254,
          0.17129661,
          -0.26850492,
          0,
          2.8774927,
          1.4879354,
          -0.93859076,
          1
        ]
      },
      {
        "date" : 753184818.004121,
        "title" : "Untitled",
        "transform" : [
          -0.5137198,
          3.4754652e-09,
          -0.85795796,
          0,
          0.0022506858,
          0.9999966,
          -0.0013476742,
          0,
          0.857955,
          -0.0026232225,
          -0.51371807,
          0,
          2.5983164,
          0.95142543,
          -1.6943212,
          1
        ]
      },
      {
        "date" : 753184807.409769,
        "title" : "Untitled",
        "transform" : [
          -0.060317244,
          -9.109973e-10,
          -0.99817926,
          0,
          -0.39999083,
          0.9162004,
          0.024170322,
          0,
          0.9145322,
          0.4007205,
          -0.055262726,
          0,
          2.7593458,
          2.1872678,
          -0.28580627,
          1
        ]
      },
      {
        "date" : 753184796.18369,
        "title" : "Untitled",
        "transform" : [
          -0.2589781,
          -9.541177e-10,
          -0.9658832,
          0,
          -0.40955552,
          0.905652,
          0.10981233,
          0,
          0.874754,
          0.42402184,
          -0.23454407,
          0,
          2.6105852,
          2.2576919,
          -0.8230127,
          1
        ]
      },
      {
        "date" : 753184787.347795,
        "title" : "Untitled",
        "transform" : [
          -0.058589898,
          2.854586e-10,
          -0.99828213,
          0,
          0.09896954,
          0.9950735,
          -0.00580862,
          0,
          0.9933641,
          -0.09913976,
          -0.0583013,
          0,
          3.083141,
          0.6530012,
          -0.300006,
          1
        ]
      },
      {
        "date" : 753184775.279578,
        "title" : "Untitled",
        "transform" : [
          0.16332893,
          -1.4825252e-10,
          -0.98657155,
          0,
          -0.05193396,
          0.99861354,
          -0.008597799,
          0,
          0.98520374,
          0.052640922,
          0.16310243,
          0,
          2.940545,
          1.1140724,
          0.36634585,
          1
        ]
      },
      {
        "date" : 753184755.115904,
        "title" : "Untitled",
        "transform" : [
          0.5414523,
          4.467201e-09,
          -0.84073144,
          0,
          -0.53256124,
          0.7737838,
          -0.34298292,
          0,
          0.65054435,
          0.63344985,
          0.41896692,
          0,
          1.9643629,
          2.8249264,
          1.1237346,
          1
        ]
      },
      {
        "date" : 753184719.080344,
        "title" : "Untitled",
        "transform" : [
          0.5414523,
          4.467201e-09,
          -0.84073144,
          0,
          -0.53256124,
          0.7737838,
          -0.34298292,
          0,
          0.65054435,
          0.63344985,
          0.41896692,
          0,
          1.1833546,
          1.7017679,
          0.6769506,
          1
        ]
      },
      {
        "date" : 753184708.500142,
        "title" : "Untitled",
        "transform" : [
          0.5414523,
          4.467201e-09,
          -0.84073144,
          0,
          -0.53256124,
          0.7737838,
          -0.34298292,
          0,
          0.65054435,
          0.63344985,
          0.41896692,
          0,
          1.3092101,
          1.4779437,
          0.8199375,
          1
        ]
      }
    ]
  },
  "sceneViewportBackgroundColors" : {

  }
}