{
  "advancedEditorSelectedIdentifier" : "ProjectBrowser",
  "openSceneRelativePaths" : [
    "Scene.usda",
    "holecut.usdc"
  ],
  "recentIdentifiers" : {
    "AF3D030A-6F01-40AF-AF17-7EC0F899DE85" : [

    ]
  },
  "sceneCameraHistory" : {
    "9C8AE960-3790-4B8F-A1AC-FDE4550C8E0E" : [
      {
        "date" : 753682228.887,
        "title" : "Untitled",
        "transform" : [
          1,
          0,
          0,
          0,
          0,
          0.7071069,
          -0.70710677,
          0,
          0,
          0.70710677,
          0.7071069,
          0,
          0.04211852,
          4.975371,
          5.064725,
          1
        ]
      }
    ],
    "AF3D030A-6F01-40AF-AF17-7EC0F899DE85" : [
      {
        "date" : 753684278.067186,
        "title" : "Untitled",
        "transform" : [
          0.6719153,
          -3.1624081e-09,
          -0.74062806,
          0,
          -0.17038137,
          0.97317886,
          -0.15457402,
          0,
          0.7207635,
          0.23004986,
          0.6538937,
          0,
          663.2759,
          463.90067,
          664.9944,
          1
        ]
      },
      {
        "date" : 753684275.299247,
        "title" : "Untitled",
        "transform" : [
          0.6719153,
          -3.1624081e-09,
          -0.74062806,
          0,
          -0.17038137,
          0.97317886,
          -0.15457402,
          0,
          0.7207635,
          0.23004986,
          0.6538937,
          0,
          523.83923,
          366.50537,
          665.0435,
          1
        ]
      },
      {
        "date" : 753681121.83905,
        "title" : "Untitled",
        "transform" : [
          0.6719153,
          -3.1624081e-09,
          -0.74062806,
          0,
          -0.17038137,
          0.97317886,
          -0.15457402,
          0,
          0.7207635,
          0.23004986,
          0.6538937,
          0,
          3.3705354,
          3.2904644,
          4.040983,
          1
        ]
      },
      {
        "date" : 753681119.39423,
        "title" : "Untitled",
        "transform" : [
          0.6719153,
          -3.1624081e-09,
          -0.74062806,
          0,
          -0.17038137,
          0.97317886,
          -0.15457402,
          0,
          0.7207635,
          0.23004986,
          0.6538937,
          0,
          4.3008637,
          1.3575964,
          3.695529,
          1
        ]
      },
      {
        "date" : 753681068.451519,
        "title" : "Untitled",
        "transform" : [
          0.6719153,
          -9.174524e-09,
          -0.74062806,
          0,
          -0.17038137,
          0.97317886,
          -0.15457404,
          0,
          0.72076356,
          0.23005,
          0.65389365,
          0,
          7.1864696,
          5.586947,
          5.9662337,
          1
        ]
      },
      {
        "date" : 753329667.090532,
        "title" : "Untitled",
        "transform" : [
          0.6719153,
          -9.174524e-09,
          -0.74062806,
          0,
          -0.17038137,
          0.97317886,
          -0.15457404,
          0,
          0.72076356,
          0.23005,
          0.65389365,
          0,
          2.083512,
          1.6197761,
          1.7297394,
          1
        ]
      },
      {
        "date" : 753329649.604212,
        "title" : "Untitled",
        "transform" : [
          -0.123487,
          -9.125141e-09,
          -0.9923461,
          0,
          -0.32513183,
          0.9448028,
          0.0404592,
          0,
          0.9375713,
          0.3276396,
          -0.11667091,
          0,
          2.4929492,
          1.8860036,
          -0.4299879,
          1
        ]
      },
      {
        "date" : 753184837.50178,
        "title" : "Untitled",
        "transform" : [
          0.55755293,
          -6.479712e-09,
          -0.8301415,
          0,
          0.09857069,
          0.9929255,
          0.066203594,
          0,
          0.8242685,
          -0.1187395,
          0.5536084,
          0,
          2.6375668,
          0.5903567,
          1.6283166,
          1
        ]
      },
      {
        "date" : 753184827.295617,
        "title" : "Untitled",
        "transform" : [
          -0.2725331,
          6.0380545e-09,
          -0.96214646,
          0,
          -0.16481234,
          0.9852196,
          0.046683945,
          0,
          0.9479254,
          0.17129661,
          -0.26850492,
          0,
          2.8774927,
          1.4879354,
          -0.93859076,
          1
        ]
      },
      {
        "date" : 753184818.004121,
        "title" : "Untitled",
        "transform" : [
          -0.5137198,
          3.4754652e-09,
          -0.85795796,
          0,
          0.0022506858,
          0.9999966,
          -0.0013476742,
          0,
          0.857955,
          -0.0026232225,
          -0.51371807,
          0,
          2.5983164,
          0.95142543,
          -1.6943212,
          1
        ]
      }
    ]
  },
  "sceneViewportBackgroundColors" : {

  },
  "selectedSceneRelativePath" : "Scene.usda"
}